1, Apaneca, 13.859167, -89.804444,140.196826831816
2, Buena Vista, 13.893333, -89.769722,126.003832549407
3, Cordillera, 13.897222, -89.707778,58.7770544279249
4, Los Naranjos, 13.876111, -89.673889,30.5193494440712
5, Juayua, 13.842778, -89.746944,120.746924766885
6, La Majada, 13.848611, -89.7025,60.5156834856783
7, Salcoatitan, 13.829722, -89.759444,123.085559241459
8, Chaparron, 13.811111, -89.684167,36.3948408032634
9, Nahuizalco, Norte, 13.796667, -89.7275,72.2082889596641
10, Sonzacate, Noroeste, 13.794722, -89.690556,41.8194383493866
11, Cucumacayan, 13.764167, -89.723889,72.7954744440001
12, Sonzacate, Suroeste, 13.744167, -89.690556,76.7885642756069
13, Sonsonate, 13.7175, -89.725,79.9168496499379
