1, Apaneca, 13.859167, -89.804444,18.3567865906953
2, Buena Vista, 13.893333, -89.769722,5.50348094317208
3, Cordillera, 13.897222, -89.707778,3.40462232918246
4, Los Naranjos, 13.876111, -89.673889,3.53691447777031
5, Juayua, 13.842778, -89.746944,13.9936069363252
6, La Majada, 13.848611, -89.7025,9.78358047903535
7, Salcoatitan, 13.829722, -89.759444,19.4679695601041
8, Chaparron, 13.811111, -89.684167,17.9812702199165
9, Nahuizalco, Norte, 13.796667, -89.7275,25.9809140098165
10, Sonzacate, Noroeste, 13.794722, -89.690556,21.7172374335261
11, Cucumacayan, 13.764167, -89.723889,24.1184346279384
12, Sonzacate, Suroeste, 13.744167, -89.690556,18.7782061841116
13, Sonsonate, 13.7175, -89.725,20.2695213157678
