1, Apaneca, 13.859167, -89.804444,5.57548190295753
2, Buena Vista, 13.893333, -89.769722,3.87950735110372
3, Cordillera, 13.897222, -89.707778,4.18275199024987
4, Los Naranjos, 13.876111, -89.673889,1.46486867350688
5, Juayua, 13.842778, -89.746944,4.46807456174362
6, La Majada, 13.848611, -89.7025,1.67260015151545
7, Salcoatitan, 13.829722, -89.759444,6.84152499770296
8, Chaparron, 13.811111, -89.684167,1.2372568387363
9, Nahuizalco, Norte, 13.796667, -89.7275,6.780182882737
10, Sonzacate, Noroeste, 13.794722, -89.690556,2.3273531439058
11, Cucumacayan, 13.764167, -89.723889,10.157626986583
12, Sonzacate, Suroeste, 13.744167, -89.690556,9.28090946708783
13, Sonsonate, 13.7175, -89.725,16.0640644032547
